object={
	name="pink_tree_generator_1_0"
	clamp_to_water_level=no
	render_under_water=no
	generated_content=yes
	layer="oak_tree_layer"
	pdxmesh="pink_tree_mesh"
	count=63
	transform="7045.415527 0.000000 2638.626709 0.000000 0.858313 0.000000 0.513127 1.000000 1.000000 1.000000
7052.263672 0.000000 2627.783203 0.000000 0.741192 0.000000 0.671293 1.000000 1.000000 1.000000
7058.877930 0.000000 2630.420654 0.000000 0.706829 0.000000 -0.707385 1.000000 1.000000 1.000000
7058.476074 0.000000 2624.201660 0.000000 0.870719 0.000000 -0.491780 1.000000 1.000000 1.000000
7065.456543 0.000000 2649.266357 0.000000 0.257024 0.000000 -0.966405 1.000000 1.000000 1.000000
7053.044434 0.000000 2665.479492 0.000000 0.830173 0.000000 -0.557506 1.000000 1.000000 1.000000
7097.333984 0.000000 2674.550537 0.000000 0.774582 0.000000 -0.632474 1.000000 1.000000 1.000000
7099.887207 0.000000 2675.295898 0.000000 0.262715 0.000000 -0.964873 1.000000 1.000000 1.000000
7114.484375 0.000000 2685.530273 0.000000 0.951261 0.000000 0.308387 1.000000 1.000000 1.000000
7104.224121 0.000000 2681.106689 0.000000 0.101735 0.000000 0.994812 1.000000 1.000000 1.000000
7129.277832 0.000000 2686.241211 0.000000 0.130668 0.000000 -0.991426 1.000000 1.000000 1.000000
7107.762207 0.000000 2681.117432 0.000000 0.999999 0.000000 0.001361 1.000000 1.000000 1.000000
7129.597168 0.000000 2683.839844 0.000000 0.226442 0.000000 0.974025 1.000000 1.000000 1.000000
7106.116211 0.000000 2679.322021 0.000000 0.906942 0.000000 0.421256 1.000000 1.000000 1.000000
7161.277832 0.000000 2686.241211 0.000000 0.670625 0.000000 0.741797 1.000000 1.000000 1.000000
7163.602539 0.000000 2687.434326 0.000000 0.334791 0.000000 -0.942292 1.000000 1.000000 1.000000
7099.341797 0.000000 2714.027100 0.000000 0.953282 0.000000 -0.302083 1.000000 1.000000 1.000000
7072.286621 0.000000 2706.374023 0.000000 0.880843 0.000000 -0.473408 1.000000 1.000000 1.000000
7116.753906 0.000000 2718.935303 0.000000 0.919304 0.000000 0.393548 1.000000 1.000000 1.000000
7113.262207 0.000000 2715.446289 0.000000 0.999940 0.000000 0.010972 1.000000 1.000000 1.000000
7109.392578 0.000000 2713.733643 0.000000 0.960112 0.000000 -0.279614 1.000000 1.000000 1.000000
7167.756348 0.000000 2696.337646 0.000000 0.879922 0.000000 -0.475119 1.000000 1.000000 1.000000
7161.262207 0.000000 2688.166992 0.000000 0.821475 0.000000 -0.570245 1.000000 1.000000 1.000000
7163.372559 0.000000 2695.804932 0.000000 0.033002 0.000000 -0.999455 1.000000 1.000000 1.000000
7131.895508 0.000000 2734.355469 0.000000 0.908644 0.000000 0.417572 1.000000 1.000000 1.000000
7148.263672 0.000000 2723.783203 0.000000 0.821005 0.000000 -0.570921 1.000000 1.000000 1.000000
7142.247070 0.000000 2730.753418 0.000000 0.994782 0.000000 0.102026 1.000000 1.000000 1.000000
7149.594727 0.000000 2721.380615 0.000000 0.351990 0.000000 -0.936004 1.000000 1.000000 1.000000
7147.532227 0.000000 2721.902344 0.000000 0.880212 0.000000 -0.474581 1.000000 1.000000 1.000000
7188.469238 0.000000 2749.077393 0.000000 0.338993 0.000000 -0.940789 1.000000 1.000000 1.000000
7207.340820 0.000000 2720.470459 0.000000 0.250241 0.000000 -0.968184 1.000000 1.000000 1.000000
7200.145996 0.000000 2724.220215 0.000000 0.954918 0.000000 -0.296871 1.000000 1.000000 1.000000
7202.685059 0.000000 2725.160156 0.000000 0.022164 0.000000 0.999754 1.000000 1.000000 1.000000
7206.816895 0.000000 2722.883545 0.000000 0.455713 0.000000 -0.890127 1.000000 1.000000 1.000000
7206.244141 0.000000 2736.690674 0.000000 0.014733 0.000000 0.999891 1.000000 1.000000 1.000000
7188.977051 0.000000 2752.686279 0.000000 0.686513 0.000000 0.727117 1.000000 1.000000 1.000000
7210.006348 0.000000 2761.182861 0.000000 0.918315 0.000000 0.395851 1.000000 1.000000 1.000000
7254.845215 0.000000 2772.908691 0.000000 0.609868 0.000000 -0.792503 1.000000 1.000000 1.000000
7245.014160 0.000000 2807.548584 0.000000 0.035378 0.000000 0.999374 1.000000 1.000000 1.000000
7268.645996 0.000000 2791.029541 0.000000 0.687640 0.000000 -0.726052 1.000000 1.000000 1.000000
7276.405273 0.000000 2797.729980 0.000000 0.972940 0.000000 0.231056 1.000000 1.000000 1.000000
7272.743164 0.000000 2792.429688 0.000000 0.813605 0.000000 0.581418 1.000000 1.000000 1.000000
7260.437500 0.000000 2833.109619 0.000000 0.429741 0.000000 0.902952 1.000000 1.000000 1.000000
7257.220703 0.000000 2830.710693 0.000000 0.322507 0.000000 0.946567 1.000000 1.000000 1.000000
7265.653809 0.000000 2825.507568 0.000000 0.252256 0.000000 -0.967661 1.000000 1.000000 1.000000
7264.190430 0.000000 2823.087158 0.000000 0.817927 0.000000 0.575322 1.000000 1.000000 1.000000
7281.137695 0.000000 2862.662842 0.000000 0.915959 0.000000 0.401272 1.000000 1.000000 1.000000
7278.241211 0.000000 2861.845703 0.000000 0.992296 0.000000 0.123894 1.000000 1.000000 1.000000
7284.341309 0.000000 2966.751221 0.000000 0.443340 0.000000 -0.896353 1.000000 1.000000 1.000000
7309.277832 0.000000 2962.017578 0.000000 0.975914 0.000000 0.218155 1.000000 1.000000 1.000000
7301.392578 0.000000 2969.733643 0.000000 0.490209 0.000000 0.871605 1.000000 1.000000 1.000000
7330.468262 0.000000 2963.210693 0.000000 0.458811 0.000000 -0.888534 1.000000 1.000000 1.000000
7311.528809 0.000000 3007.045898 0.000000 0.961811 0.000000 -0.273714 1.000000 1.000000 1.000000
7316.857422 0.000000 3002.449951 0.000000 0.685545 0.000000 -0.728031 1.000000 1.000000 1.000000
7313.945801 0.000000 2992.968262 0.000000 0.751256 0.000000 -0.660011 1.000000 1.000000 1.000000
7348.469238 0.000000 3005.077393 0.000000 0.755886 0.000000 -0.654703 1.000000 1.000000 1.000000
7343.767578 0.000000 2976.132568 0.000000 0.997055 0.000000 -0.076696 1.000000 1.000000 1.000000
7339.098633 0.000000 3007.259277 0.000000 0.979158 0.000000 0.203099 1.000000 1.000000 1.000000
7349.697266 0.000000 3003.838867 0.000000 0.995610 0.000000 -0.093596 1.000000 1.000000 1.000000
7361.603516 0.000000 2988.053467 0.000000 0.910495 0.000000 0.413520 1.000000 1.000000 1.000000
7309.277832 0.000000 3026.017578 0.000000 0.508404 0.000000 0.861118 1.000000 1.000000 1.000000
7319.331055 0.000000 3010.240479 0.000000 0.127593 0.000000 0.991827 1.000000 1.000000 1.000000
7339.256836 0.000000 3008.067871 0.000000 0.907341 0.000000 0.420396 1.000000 1.000000 1.000000
"}
object={
	name="pink_tree_generator_1_1"
	clamp_to_water_level=no
	render_under_water=no
	generated_content=yes
	layer="oak_tree_layer"
	pdxmesh="pink_tree_variation_1_mesh"
	count=42
	transform="7038.474121 0.000000 2670.272949 0.000000 0.624463 0.000000 0.781054 1.000000 1.000000 1.000000
7060.977051 0.000000 2624.686279 0.000000 0.355609 0.000000 0.934635 1.000000 1.000000 1.000000
7098.343750 0.000000 2672.590332 0.000000 0.956121 0.000000 0.292971 1.000000 1.000000 1.000000
7125.816895 0.000000 2681.079102 0.000000 0.997945 0.000000 0.064080 1.000000 1.000000 1.000000
7097.482910 0.000000 2711.142822 0.000000 0.921928 0.000000 0.387362 1.000000 1.000000 1.000000
7100.503418 0.000000 2715.308594 0.000000 0.766927 0.000000 0.641734 1.000000 1.000000 1.000000
7114.484375 0.000000 2717.530273 0.000000 0.835130 0.000000 0.550052 1.000000 1.000000 1.000000
7109.965820 0.000000 2711.916260 0.000000 0.615312 0.000000 0.788284 1.000000 1.000000 1.000000
7167.017578 0.000000 2699.412842 0.000000 0.823566 0.000000 0.567221 1.000000 1.000000 1.000000
7113.618652 0.000000 2731.412354 0.000000 0.117758 0.000000 -0.993042 1.000000 1.000000 1.000000
7199.017578 0.000000 2731.412842 0.000000 0.984388 0.000000 0.176012 1.000000 1.000000 1.000000
7191.145020 0.000000 2748.530762 0.000000 0.346251 0.000000 0.938142 1.000000 1.000000 1.000000
7201.653809 0.000000 2729.507568 0.000000 0.983805 0.000000 0.179240 1.000000 1.000000 1.000000
7189.433594 0.000000 2756.257080 0.000000 0.990665 0.000000 -0.136321 1.000000 1.000000 1.000000
7189.495605 0.000000 2754.416016 0.000000 0.580342 0.000000 -0.814373 1.000000 1.000000 1.000000
7211.786133 0.000000 2764.073730 0.000000 0.659181 0.000000 -0.751984 1.000000 1.000000 1.000000
7211.103027 0.000000 2758.503418 0.000000 0.120578 0.000000 -0.992704 1.000000 1.000000 1.000000
7213.044434 0.000000 2761.479492 0.000000 0.225481 0.000000 -0.974248 1.000000 1.000000 1.000000
7210.175781 0.000000 2756.292236 0.000000 0.801151 0.000000 -0.598462 1.000000 1.000000 1.000000
7213.574707 0.000000 2763.397705 0.000000 0.760625 0.000000 0.649192 1.000000 1.000000 1.000000
7249.655762 0.000000 2809.639648 0.000000 0.226379 0.000000 -0.974039 1.000000 1.000000 1.000000
7271.381836 0.000000 2791.828369 0.000000 0.906060 0.000000 -0.423149 1.000000 1.000000 1.000000
7266.685059 0.000000 2789.160156 0.000000 0.360463 0.000000 0.932774 1.000000 1.000000 1.000000
7269.711914 0.000000 2788.960449 0.000000 0.983648 0.000000 0.180103 1.000000 1.000000 1.000000
7263.756348 0.000000 2824.337646 0.000000 0.911914 0.000000 -0.410381 1.000000 1.000000 1.000000
7260.446289 0.000000 2837.612061 0.000000 0.950595 0.000000 -0.310433 1.000000 1.000000 1.000000
7279.528809 0.000000 2847.045898 0.000000 0.983736 0.000000 0.179623 1.000000 1.000000 1.000000
7281.095703 0.000000 2845.835449 0.000000 0.854225 0.000000 -0.519904 1.000000 1.000000 1.000000
7279.497070 0.000000 2859.040283 0.000000 0.820807 0.000000 0.571205 1.000000 1.000000 1.000000
7281.488281 0.000000 2860.303711 0.000000 0.624716 0.000000 0.780852 1.000000 1.000000 1.000000
7281.095703 0.000000 2877.835449 0.000000 0.994086 0.000000 -0.108600 1.000000 1.000000 1.000000
7270.978516 0.000000 2906.631348 0.000000 0.460751 0.000000 0.887529 1.000000 1.000000 1.000000
7283.465820 0.000000 2968.257080 0.000000 0.997031 0.000000 0.076999 1.000000 1.000000 1.000000
7310.809570 0.000000 2963.002197 0.000000 0.144663 0.000000 0.989481 1.000000 1.000000 1.000000
7331.491699 0.000000 2965.497803 0.000000 0.734893 0.000000 -0.678184 1.000000 1.000000 1.000000
7319.371094 0.000000 3001.724121 0.000000 0.216845 0.000000 -0.976206 1.000000 1.000000 1.000000
7313.137695 0.000000 2990.662842 0.000000 0.860458 0.000000 -0.509521 1.000000 1.000000 1.000000
7345.137695 0.000000 2990.662842 0.000000 0.689805 0.000000 0.723995 1.000000 1.000000 1.000000
7344.427246 0.000000 2979.686768 0.000000 0.362314 0.000000 0.932056 1.000000 1.000000 1.000000
7347.123047 0.000000 2978.784180 0.000000 0.348598 0.000000 0.937272 1.000000 1.000000 1.000000
7360.321777 0.000000 2989.307373 0.000000 0.999579 0.000000 -0.029028 1.000000 1.000000 1.000000
7311.767578 0.000000 3008.132568 0.000000 0.993447 0.000000 -0.114289 1.000000 1.000000 1.000000
"}
object={
	name="pink_tree_generator_1_2"
	clamp_to_water_level=no
	render_under_water=no
	generated_content=yes
	layer="oak_tree_layer"
	pdxmesh="pink_tree_variation_2_mesh"
	count=30
	transform="7067.341797 0.000000 2650.027100 0.000000 0.275058 0.000000 0.961428 1.000000 1.000000 1.000000
7043.374512 0.000000 2636.238281 0.000000 0.965273 0.000000 0.261244 1.000000 1.000000 1.000000
7067.885254 0.000000 2652.844727 0.000000 0.777078 0.000000 -0.629404 1.000000 1.000000 1.000000
7099.023438 0.000000 2674.014160 0.000000 0.560116 0.000000 -0.828414 1.000000 1.000000 1.000000
7107.491699 0.000000 2677.497803 0.000000 0.638966 0.000000 -0.769235 1.000000 1.000000 1.000000
7110.978516 0.000000 2714.631348 0.000000 0.998464 0.000000 -0.055414 1.000000 1.000000 1.000000
7117.478027 0.000000 2716.210938 0.000000 0.965143 0.000000 -0.261722 1.000000 1.000000 1.000000
7164.192383 0.000000 2699.866699 0.000000 0.294977 0.000000 -0.955504 1.000000 1.000000 1.000000
7147.256836 0.000000 2720.067871 0.000000 0.635990 0.000000 0.771697 1.000000 1.000000 1.000000
7147.103027 0.000000 2726.503418 0.000000 0.283944 0.000000 0.958841 1.000000 1.000000 1.000000
7199.756348 0.000000 2728.337646 0.000000 0.089147 0.000000 -0.996018 1.000000 1.000000 1.000000
7205.415527 0.000000 2734.626709 0.000000 0.965370 0.000000 -0.260884 1.000000 1.000000 1.000000
7209.609863 0.000000 2722.351318 0.000000 0.288291 0.000000 0.957543 1.000000 1.000000 1.000000
7257.482910 0.000000 2775.142822 0.000000 0.561111 0.000000 0.827741 1.000000 1.000000 1.000000
7254.058105 0.000000 2775.382568 0.000000 0.892029 0.000000 0.451977 1.000000 1.000000 1.000000
7247.151367 0.000000 2809.241699 0.000000 0.572094 0.000000 -0.820188 1.000000 1.000000 1.000000
7242.545410 0.000000 2807.113037 0.000000 0.970136 0.000000 0.242563 1.000000 1.000000 1.000000
7264.145996 0.000000 2788.220215 0.000000 0.280218 0.000000 0.959936 1.000000 1.000000 1.000000
7265.653809 0.000000 2793.507568 0.000000 0.782694 0.000000 0.622406 1.000000 1.000000 1.000000
7275.786133 0.000000 2796.073730 0.000000 0.575291 0.000000 -0.817949 1.000000 1.000000 1.000000
7272.037109 0.000000 2793.779297 0.000000 0.481979 0.000000 0.876183 1.000000 1.000000 1.000000
7281.209961 0.000000 2875.884766 0.000000 0.900905 0.000000 0.434017 1.000000 1.000000 1.000000
7303.884277 0.000000 2966.199951 0.000000 0.371415 0.000000 0.928467 1.000000 1.000000 1.000000
7321.277832 0.000000 2974.241211 0.000000 0.987768 0.000000 0.155929 1.000000 1.000000 1.000000
7321.262207 0.000000 2976.166992 0.000000 0.471583 0.000000 -0.881822 1.000000 1.000000 1.000000
7338.484375 0.000000 3005.530273 0.000000 0.484940 0.000000 -0.874548 1.000000 1.000000 1.000000
7344.670410 0.000000 2998.267578 0.000000 0.474006 0.000000 0.880522 1.000000 1.000000 1.000000
7348.857422 0.000000 3002.449951 0.000000 0.187238 0.000000 -0.982315 1.000000 1.000000 1.000000
7345.488281 0.000000 2988.303711 0.000000 0.555315 0.000000 -0.831640 1.000000 1.000000 1.000000
7308.315918 0.000000 3029.014648 0.000000 0.997990 0.000000 -0.063366 1.000000 1.000000 1.000000
"}
