object={
	name="tree_cypress_generator_1_0"
	clamp_to_water_level=no
	render_under_water=no
	generated_content=yes
	layer="tree_layer"
	pdxmesh="tree_cypress_01_mesh"
	count=421
	transform="3856.829590 0.000000 3321.155518 0.000000 0.941646 0.000000 0.336605 0.765031 0.765031 0.765031
3863.240234 0.000000 3326.813477 0.000000 0.468659 0.000000 0.883379 0.800000 0.800000 0.800000
3861.440918 0.000000 3327.524902 0.000000 0.056467 0.000000 -0.998404 0.800000 0.800000 0.800000
3875.295410 0.000000 3310.797363 0.000000 0.225831 0.000000 -0.974167 0.800000 0.800000 0.800000
3877.908203 0.000000 3311.527588 0.000000 0.204573 0.000000 0.978851 0.800000 0.800000 0.800000
3876.005615 0.000000 3313.225830 0.000000 0.103152 0.000000 -0.994666 0.800000 0.800000 0.800000
3915.488281 0.000000 3311.720703 0.000000 0.683145 0.000000 -0.730283 0.800000 0.800000 0.800000
3907.295410 0.000000 3310.797363 0.000000 0.666567 0.000000 0.745445 0.800000 0.800000 0.800000
3909.908203 0.000000 3311.527588 0.000000 0.981843 0.000000 -0.189697 0.800000 0.800000 0.800000
3917.809814 0.000000 3311.802002 0.000000 0.666637 0.000000 0.745382 0.800000 0.800000 0.800000
3914.064209 0.000000 3313.313721 0.000000 0.978682 0.000000 0.205379 0.800000 0.800000 0.800000
4010.436279 0.000000 3251.319336 0.000000 0.225042 0.000000 0.974349 0.800000 0.800000 0.800000
4019.298828 0.000000 3258.444824 0.000000 0.511928 0.000000 -0.859028 0.800000 0.800000 0.800000
4016.829590 0.000000 3257.155518 0.000000 0.298858 0.000000 0.954298 0.800000 0.800000 0.800000
4008.314941 0.000000 3251.625977 0.000000 0.176219 0.000000 -0.984351 0.800000 0.800000 0.800000
4010.180420 0.000000 3253.328369 0.000000 0.979573 0.000000 -0.201088 0.800000 0.800000 0.800000
4019.516602 0.000000 3256.632812 0.000000 0.978974 0.000000 -0.203983 0.800000 0.800000 0.800000
4017.291504 0.000000 3258.975586 0.000000 0.741535 0.000000 0.670914 0.800000 0.800000 0.800000
4037.693115 0.000000 3262.356201 0.000000 0.980932 0.000000 0.194351 0.800000 0.800000 0.800000
4039.999756 0.000000 3261.135498 0.000000 0.546522 0.000000 0.837445 0.698896 0.698896 0.698896
4037.161865 0.000000 3260.119629 0.000000 0.025731 0.000000 0.999669 0.800000 0.800000 0.800000
4038.466553 0.000000 3260.944824 0.000000 0.766159 0.000000 -0.642652 0.871093 0.871093 0.871093
4019.753906 0.000000 3270.128662 0.000000 0.695721 0.000000 -0.718312 0.881627 0.881627 0.881627
4009.258789 0.000000 3266.112061 0.000000 0.492026 0.000000 -0.870581 0.800000 0.800000 0.800000
4028.506592 0.000000 3295.099121 0.000000 0.301708 0.000000 0.953400 0.800000 0.800000 0.800000
4009.730713 0.000000 3264.251465 0.000000 0.607945 0.000000 0.793979 0.800000 0.800000 0.800000
4026.792969 0.000000 3295.360840 0.000000 0.009699 0.000000 -0.999953 0.800000 0.800000 0.800000
4027.529053 0.000000 3296.375977 0.000000 0.892395 0.000000 0.451254 0.800000 0.800000 0.800000
4030.760742 0.000000 3326.381104 0.000000 0.366682 0.000000 -0.930346 0.921758 0.921758 0.921758
4004.005615 0.000000 3313.225830 0.000000 0.871186 0.000000 -0.490954 0.800000 0.800000 0.800000
4028.506592 0.000000 3327.099121 0.000000 0.398264 0.000000 -0.917271 0.800000 0.800000 0.800000
4008.734619 0.000000 3327.146484 0.000000 0.106926 0.000000 0.994267 0.800000 0.800000 0.800000
4029.285645 0.000000 3296.879883 0.000000 0.654150 0.000000 0.756365 0.800000 0.800000 0.800000
4005.578613 0.000000 3315.326172 0.000000 0.814335 0.000000 -0.580395 0.800000 0.800000 0.800000
4033.128662 0.000000 3281.790527 0.000000 0.230922 0.000000 0.972972 0.800000 0.800000 0.800000
4033.962891 0.000000 3280.086914 0.000000 0.450878 0.000000 -0.892585 0.800000 0.800000 0.800000
4080.171387 0.000000 3285.984375 0.000000 0.902500 0.000000 0.430689 0.754647 0.754647 0.754647
4080.833252 0.000000 3284.624756 0.000000 0.660439 0.000000 -0.750880 0.886518 0.886518 0.886518
4055.024414 0.000000 3317.626221 0.000000 0.387702 0.000000 -0.921785 0.800000 0.800000 0.800000
4043.455322 0.000000 3297.180420 0.000000 0.570804 0.000000 0.821086 0.800000 0.800000 0.800000
4054.315918 0.000000 3314.333496 0.000000 0.924386 0.000000 -0.381459 0.839865 0.839865 0.839865
4052.384766 0.000000 3316.500488 0.000000 0.704937 0.000000 -0.709270 0.800000 0.800000 0.800000
4037.908203 0.000000 3311.527588 0.000000 0.956995 0.000000 0.290103 0.800000 0.800000 0.800000
4036.005615 0.000000 3313.225830 0.000000 0.112790 0.000000 -0.993619 0.948487 0.948487 0.948487
4043.884033 0.000000 3299.469238 0.000000 0.196545 0.000000 0.980495 0.800000 0.800000 0.800000
4052.232666 0.000000 3314.385986 0.000000 0.913761 0.000000 0.406253 0.800000 0.800000 0.800000
4045.197998 0.000000 3298.037109 0.000000 0.698977 0.000000 0.715144 0.800000 0.800000 0.800000
4045.027344 0.000000 3296.088135 0.000000 0.362508 0.000000 0.931981 0.800000 0.800000 0.800000
4054.094727 0.000000 3316.133301 0.000000 0.229744 0.000000 0.973251 0.800000 0.800000 0.800000
4037.587402 0.000000 3312.953857 0.000000 0.193243 0.000000 -0.981151 0.940192 0.940192 0.940192
4064.063232 0.000000 3326.168213 0.000000 0.693961 0.000000 -0.720012 0.881876 0.881876 0.881876
4065.792480 0.000000 3325.468506 0.000000 0.958629 0.000000 0.284659 0.800000 0.800000 0.800000
4065.226562 0.000000 3327.161865 0.000000 0.572403 0.000000 0.819972 0.702076 0.702076 0.702076
3851.414307 0.000000 3353.570068 0.000000 0.975039 0.000000 -0.222035 0.800000 0.800000 0.800000
3863.250000 0.000000 3328.257568 0.000000 0.635812 0.000000 -0.771844 0.800000 0.800000 0.800000
3854.481689 0.000000 3351.917725 0.000000 0.984305 0.000000 0.176476 0.800000 0.800000 0.800000
3860.616699 0.000000 3329.325928 0.000000 0.167622 0.000000 0.985851 0.800000 0.800000 0.800000
3853.590332 0.000000 3353.980957 0.000000 0.847583 0.000000 0.530663 0.743022 0.743022 0.743022
3852.500244 0.000000 3352.073975 0.000000 0.073729 0.000000 -0.997278 0.952483 0.952483 0.952483
3873.128662 0.000000 3345.790527 0.000000 0.641968 0.000000 -0.766731 0.800000 0.800000 0.800000
3873.962891 0.000000 3344.086914 0.000000 0.879647 0.000000 -0.475628 0.800000 0.800000 0.800000
3902.753662 0.000000 3375.493408 0.000000 0.947959 0.000000 0.318393 0.766994 0.766994 0.766994
3900.330078 0.000000 3375.234863 0.000000 0.624651 0.000000 -0.780904 0.800000 0.800000 0.800000
3909.693115 0.000000 3358.356201 0.000000 0.944117 0.000000 -0.329610 0.800000 0.800000 0.800000
3920.586670 0.000000 3358.055908 0.000000 0.672686 0.000000 0.739928 0.715155 0.715155 0.715155
3911.999756 0.000000 3357.135498 0.000000 0.552074 0.000000 -0.833795 0.800000 0.800000 0.800000
3909.161865 0.000000 3356.119629 0.000000 0.464415 0.000000 -0.885618 0.800000 0.800000 0.800000
3918.562500 0.000000 3357.712891 0.000000 0.992317 0.000000 0.123722 0.800000 0.800000 0.800000
3920.161621 0.000000 3359.831055 0.000000 0.825996 0.000000 0.563677 0.739004 0.739004 0.739004
3908.838379 0.000000 3367.271484 0.000000 0.159584 0.000000 0.987184 0.800000 0.800000 0.800000
3906.131592 0.000000 3365.585938 0.000000 0.942937 0.000000 -0.332972 0.800000 0.800000 0.800000
3923.368896 0.000000 3370.471436 0.000000 0.279596 0.000000 -0.960118 0.800000 0.800000 0.800000
3912.734619 0.000000 3391.146484 0.000000 0.997375 0.000000 -0.072415 0.800000 0.800000 0.800000
3909.971191 0.000000 3365.001221 0.000000 0.069668 0.000000 -0.997570 0.800000 0.800000 0.800000
3908.018555 0.000000 3365.672852 0.000000 0.908708 0.000000 0.417432 0.800000 0.800000 0.800000
4007.825195 0.000000 3328.071533 0.000000 0.904059 0.000000 0.427408 0.800000 0.800000 0.800000
4006.864258 0.000000 3354.624268 0.000000 0.505853 0.000000 -0.862620 0.800000 0.800000 0.800000
4007.999756 0.000000 3357.135498 0.000000 0.269634 0.000000 -0.962963 0.800000 0.800000 0.800000
4009.730713 0.000000 3328.251465 0.000000 0.558084 0.000000 0.829785 0.800000 0.800000 0.800000
4029.500732 0.000000 3373.729248 0.000000 0.187032 0.000000 0.982354 0.800000 0.800000 0.800000
4031.067383 0.000000 3370.168945 0.000000 0.732161 0.000000 -0.681132 0.800000 0.800000 0.800000
4029.271240 0.000000 3371.597168 0.000000 0.448184 0.000000 -0.893941 0.800000 0.800000 0.800000
4031.147705 0.000000 3372.397461 0.000000 0.739007 0.000000 0.673698 0.800000 0.800000 0.800000
4028.028076 0.000000 3372.902100 0.000000 0.767404 0.000000 0.641164 0.800000 0.800000 0.800000
4032.987305 0.000000 3349.511475 0.000000 0.884326 0.000000 0.466870 0.800000 0.800000 0.800000
4051.844971 0.000000 3358.519531 0.000000 0.973680 0.000000 -0.227918 0.800000 0.800000 0.800000
4051.565186 0.000000 3344.439941 0.000000 0.164869 0.000000 0.986315 0.800000 0.800000 0.800000
4049.823975 0.000000 3347.529785 0.000000 0.428665 0.000000 0.903463 0.800000 0.800000 0.800000
4035.862549 0.000000 3347.765869 0.000000 0.846289 0.000000 -0.532725 0.800000 0.800000 0.800000
4048.586670 0.000000 3358.055908 0.000000 0.736776 0.000000 -0.676137 0.800000 0.800000 0.800000
4049.250000 0.000000 3344.291260 0.000000 0.170465 0.000000 -0.985364 0.800000 0.800000 0.800000
4032.164062 0.000000 3347.602295 0.000000 0.194959 0.000000 -0.980811 0.800000 0.800000 0.800000
4050.072754 0.000000 3359.400879 0.000000 0.915530 0.000000 0.402249 0.800000 0.800000 0.800000
4035.736084 0.000000 3349.622070 0.000000 0.720076 0.000000 -0.693895 0.878114 0.878114 0.878114
4034.054688 0.000000 3347.431396 0.000000 0.800227 0.000000 -0.599697 0.800000 0.800000 0.800000
4050.331543 0.000000 3345.819336 0.000000 0.994499 0.000000 0.104748 0.800000 0.800000 0.800000
4048.161621 0.000000 3359.831055 0.000000 0.078112 0.000000 -0.996945 0.800000 0.800000 0.800000
4046.161133 0.000000 3380.472412 0.000000 0.794457 0.000000 -0.607320 0.866482 0.866482 0.866482
4049.862549 0.000000 3360.124512 0.000000 0.630265 0.000000 0.776380 0.800000 0.800000 0.800000
4047.928467 0.000000 3379.435303 0.000000 0.435868 0.000000 -0.900010 0.800000 0.800000 0.800000
4027.583008 0.000000 3402.386719 0.000000 0.845936 0.000000 -0.533284 0.800000 0.800000 0.800000
4026.389648 0.000000 3405.317383 0.000000 0.184953 0.000000 0.982747 0.658948 0.658948 0.658948
4026.030273 0.000000 3403.390869 0.000000 0.038421 0.000000 0.999262 0.800000 0.800000 0.800000
4377.993164 0.000000 2802.484131 0.000000 0.940923 0.000000 -0.338621 0.800000 0.800000 0.800000
4375.024414 0.000000 2805.626221 0.000000 0.504096 0.000000 -0.863648 0.800000 0.800000 0.800000
4374.315918 0.000000 2802.333496 0.000000 0.002376 0.000000 0.999997 0.800000 0.800000 0.800000
4377.443359 0.000000 2804.736084 0.000000 0.582105 0.000000 0.813113 0.800000 0.800000 0.800000
4382.753906 0.000000 2799.493408 0.000000 0.976744 0.000000 0.214410 0.800000 0.800000 0.800000
4383.147461 0.000000 2796.397461 0.000000 0.849158 0.000000 0.528138 0.800000 0.800000 0.800000
4376.079102 0.000000 2803.280273 0.000000 0.949304 0.000000 -0.314361 0.800000 0.800000 0.800000
4374.094727 0.000000 2804.133301 0.000000 0.378891 0.000000 -0.925441 0.800000 0.800000 0.800000
4384.124512 0.000000 2796.257812 0.000000 0.427275 0.000000 -0.904122 0.800000 0.800000 0.800000
4410.389648 0.000000 2797.317383 0.000000 0.207162 0.000000 0.978307 0.661255 0.661255 0.661255
4407.683594 0.000000 2787.008057 0.000000 0.759401 0.000000 0.650623 0.800000 0.800000 0.800000
4384.145996 0.000000 2799.255615 0.000000 0.705320 0.000000 0.708889 0.800000 0.800000 0.800000
4410.506836 0.000000 2799.911377 0.000000 0.999874 0.000000 -0.015871 0.800000 0.800000 0.800000
4408.591309 0.000000 2797.569336 0.000000 0.255980 0.000000 -0.966682 0.800000 0.800000 0.800000
4385.613281 0.000000 2798.169678 0.000000 0.269896 0.000000 0.962889 0.800000 0.800000 0.800000
4596.446777 0.000000 2796.532959 0.000000 0.800239 0.000000 -0.599681 0.865506 0.865506 0.865506
4597.856934 0.000000 2794.490967 0.000000 0.570388 0.000000 0.821375 0.800000 0.800000 0.800000
4290.507324 0.000000 2935.033691 0.000000 0.400126 0.000000 0.916460 0.681931 0.681931 0.681931
4261.692871 0.000000 3006.356201 0.000000 0.900846 0.000000 0.434139 0.754257 0.754257 0.754257
4258.786621 0.000000 3007.084473 0.000000 0.907357 0.000000 -0.420361 0.800000 0.800000 0.800000
4261.162109 0.000000 3004.119629 0.000000 0.559717 0.000000 -0.828684 0.800000 0.800000 0.800000
4259.825195 0.000000 3005.484863 0.000000 0.897801 0.000000 -0.440401 0.800000 0.800000 0.800000
4260.441406 0.000000 3007.387207 0.000000 0.028459 0.000000 0.999595 0.642899 0.642899 0.642899
4294.552246 0.000000 2964.785889 0.000000 0.183116 0.000000 -0.983091 0.941242 0.941242 0.941242
4293.578613 0.000000 2963.326172 0.000000 0.586733 0.000000 -0.809780 0.800000 0.800000 0.800000
4343.587402 0.000000 2959.040771 0.000000 0.948710 0.000000 -0.316146 0.800000 0.800000 0.800000
4342.431152 0.000000 2972.837402 0.000000 0.384333 0.000000 -0.923195 0.919818 0.919818 0.919818
4337.250000 0.000000 2960.291260 0.000000 0.802647 0.000000 -0.596455 0.865096 0.865096 0.865096
4341.246094 0.000000 2971.139160 0.000000 0.666741 0.000000 0.745290 0.800000 0.800000 0.800000
4340.264160 0.000000 2972.675293 0.000000 0.563138 0.000000 0.826363 0.800000 0.800000 0.800000
4343.747559 0.000000 2971.598389 0.000000 0.808067 0.000000 0.589090 0.800000 0.800000 0.800000
4344.993652 0.000000 2959.777588 0.000000 0.759847 0.000000 -0.650102 0.872088 0.872088 0.872088
4328.678711 0.000000 2998.482178 0.000000 0.088622 0.000000 0.996065 0.800000 0.800000 0.800000
4331.763672 0.000000 2998.359863 0.000000 0.944902 0.000000 -0.327354 0.800000 0.800000 0.800000
4326.423340 0.000000 2986.887939 0.000000 0.599758 0.000000 -0.800181 0.800000 0.800000 0.800000
4325.369629 0.000000 2985.207520 0.000000 0.845864 0.000000 0.533399 0.800000 0.800000 0.800000
4330.354980 0.000000 2999.624756 0.000000 0.938627 0.000000 0.344933 0.800000 0.800000 0.800000
4330.180664 0.000000 2997.328369 0.000000 0.997750 0.000000 0.067042 0.800000 0.800000 0.800000
4266.484375 0.000000 3037.530273 0.000000 0.863191 0.000000 0.504878 0.800000 0.800000 0.800000
4259.295410 0.000000 3022.797363 0.000000 0.741876 0.000000 -0.670537 0.800000 0.800000 0.800000
4265.585449 0.000000 3035.315918 0.000000 0.235115 0.000000 0.971968 0.800000 0.800000 0.800000
4267.334473 0.000000 3035.444092 0.000000 0.972516 0.000000 -0.232834 0.823936 0.823936 0.823936
4281.788086 0.000000 3044.828125 0.000000 0.291074 0.000000 0.956700 0.670084 0.670084 0.670084
4279.446777 0.000000 3045.364014 0.000000 0.599224 0.000000 -0.800581 0.800000 0.800000 0.800000
4338.604980 0.000000 3030.964844 0.000000 0.980219 0.000000 0.197914 0.800000 0.800000 0.800000
4328.678711 0.000000 3030.482178 0.000000 0.993655 0.000000 0.112470 0.800000 0.800000 0.800000
4340.384766 0.000000 3028.500488 0.000000 0.381992 0.000000 -0.924166 0.800000 0.800000 0.800000
4341.210938 0.000000 3031.720215 0.000000 0.999880 0.000000 0.015469 0.798424 0.798424 0.798424
4326.552246 0.000000 3028.785889 0.000000 0.431328 0.000000 0.902195 0.800000 0.800000 0.800000
4338.325195 0.000000 3029.270752 0.000000 0.852774 0.000000 0.522281 0.800000 0.800000 0.800000
4340.231445 0.000000 3030.341064 0.000000 0.397419 0.000000 -0.917637 0.918370 0.918370 0.918370
4309.193848 0.000000 3044.141602 0.000000 0.652005 0.000000 -0.758215 0.887657 0.887657 0.887657
4311.446777 0.000000 3045.364014 0.000000 0.398159 0.000000 -0.917316 0.800000 0.800000 0.800000
4323.965820 0.000000 3050.703613 0.000000 0.302524 0.000000 0.953142 0.800000 0.800000 0.800000
4346.818848 0.000000 3047.365967 0.000000 0.845442 0.000000 0.534067 0.800000 0.800000 0.800000
4345.650391 0.000000 3049.261475 0.000000 0.545432 0.000000 0.838155 0.800000 0.800000 0.800000
4323.013184 0.000000 3048.541992 0.000000 0.776567 0.000000 -0.630035 0.869427 0.869427 0.869427
4347.789062 0.000000 3048.610352 0.000000 0.799563 0.000000 -0.600582 0.865621 0.865621 0.865621
4441.788086 0.000000 2820.828125 0.000000 0.532729 0.000000 -0.846286 0.800000 0.800000 0.800000
4440.114258 0.000000 2823.641846 0.000000 0.992370 0.000000 0.123299 0.800000 0.800000 0.800000
4439.446777 0.000000 2821.364014 0.000000 0.253733 0.000000 0.967274 0.800000 0.800000 0.800000
4438.091309 0.000000 2822.866455 0.000000 0.596840 0.000000 0.802360 0.800000 0.800000 0.800000
4453.578613 0.000000 2835.326172 0.000000 0.513061 0.000000 -0.858352 0.800000 0.800000 0.800000
4439.747559 0.000000 2875.598389 0.000000 0.376954 0.000000 0.926232 0.679369 0.679369 0.679369
4465.935547 0.000000 2861.263184 0.000000 0.907555 0.000000 0.419933 0.755857 0.755857 0.755857
4464.387207 0.000000 2860.447998 0.000000 0.998194 0.000000 -0.060074 0.806123 0.806123 0.806123
4357.692871 0.000000 2942.356201 0.000000 0.464877 0.000000 -0.885375 0.800000 0.800000 0.800000
4359.195312 0.000000 2942.818848 0.000000 0.109681 0.000000 -0.993967 0.948806 0.948806 0.948806
4358.035156 0.000000 2943.831299 0.000000 0.224734 0.000000 0.974420 0.663088 0.663088 0.663088
4401.862793 0.000000 2912.124512 0.000000 0.827761 0.000000 -0.561081 0.860677 0.860677 0.860677
4402.305664 0.000000 2915.216553 0.000000 0.271495 0.000000 -0.962440 0.800000 0.800000 0.800000
4400.208496 0.000000 2914.510498 0.000000 0.985327 0.000000 -0.170679 0.800000 0.800000 0.800000
4400.433105 0.000000 2912.805176 0.000000 0.925686 0.000000 0.378292 0.760484 0.760484 0.760484
4450.681641 0.000000 2907.806152 0.000000 0.919152 0.000000 0.393903 0.758760 0.758760 0.758760
4463.686523 0.000000 2894.603760 0.000000 0.233649 0.000000 -0.972321 0.800000 0.800000 0.800000
4463.232422 0.000000 2897.605469 0.000000 0.562236 0.000000 0.826977 0.800000 0.800000 0.800000
4477.544922 0.000000 2903.852295 0.000000 0.817481 0.000000 -0.575956 0.862518 0.862518 0.862518
4448.260254 0.000000 2907.645752 0.000000 0.407043 0.000000 -0.913409 0.800000 0.800000 0.800000
4461.809570 0.000000 2895.802002 0.000000 0.715971 0.000000 -0.698130 0.800000 0.800000 0.800000
4479.571289 0.000000 2903.279297 0.000000 0.879773 0.000000 -0.475394 0.800000 0.800000 0.800000
4476.580566 0.000000 2902.109131 0.000000 0.833367 0.000000 0.552720 0.740349 0.740349 0.740349
4450.583984 0.000000 2906.040039 0.000000 0.651890 0.000000 0.758313 0.712328 0.712328 0.712328
4436.446777 0.000000 2924.532959 0.000000 0.893139 0.000000 0.449780 0.800000 0.800000 0.800000
4419.862793 0.000000 2931.765869 0.000000 0.373096 0.000000 -0.927793 0.800000 0.800000 0.800000
4420.005371 0.000000 2929.225830 0.000000 0.922532 0.000000 -0.385920 0.800000 0.800000 0.800000
4437.312988 0.000000 2926.776855 0.000000 0.680528 0.000000 -0.732722 0.883760 0.883760 0.883760
4418.054688 0.000000 2931.431396 0.000000 0.159774 0.000000 0.987154 0.800000 0.800000 0.800000
4421.578613 0.000000 2931.326172 0.000000 0.987130 0.000000 0.159917 0.783641 0.783641 0.783641
4457.388672 0.000000 2916.416260 0.000000 0.889955 0.000000 0.456049 0.800000 0.800000 0.800000
4454.989258 0.000000 2914.940918 0.000000 0.451885 0.000000 -0.892076 0.800000 0.800000 0.800000
4457.258789 0.000000 2914.112061 0.000000 0.816061 0.000000 -0.577965 0.800000 0.800000 0.800000
4455.675781 0.000000 2916.612305 0.000000 0.117297 0.000000 0.993097 0.651975 0.651975 0.651975
4530.604980 0.000000 2870.964844 0.000000 0.156164 0.000000 -0.987731 0.800000 0.800000 0.800000
4528.920410 0.000000 2871.523193 0.000000 0.313225 0.000000 -0.949679 0.927549 0.927549 0.927549
4569.544922 0.000000 2843.427002 0.000000 0.715644 0.000000 0.698465 0.800000 0.800000 0.800000
4570.289062 0.000000 2841.031738 0.000000 0.570784 0.000000 0.821100 0.800000 0.800000 0.800000
4571.801270 0.000000 2840.174805 0.000000 0.690453 0.000000 0.723377 0.800000 0.800000 0.800000
4571.194336 0.000000 2843.716309 0.000000 0.994524 0.000000 0.104510 0.789335 0.789335 0.789335
4568.761719 0.000000 2841.881836 0.000000 0.652471 0.000000 0.757814 0.800000 0.800000 0.800000
4562.305664 0.000000 2851.216553 0.000000 0.958762 0.000000 -0.284212 0.829354 0.829354 0.829354
4563.927246 0.000000 2850.850342 0.000000 0.881556 0.000000 0.472079 0.749921 0.749921 0.749921
4592.959961 0.000000 2858.489014 0.000000 0.722112 0.000000 -0.691777 0.800000 0.800000 0.800000
4593.935547 0.000000 2861.263184 0.000000 0.982511 0.000000 0.186206 0.780922 0.780922 0.780922
4590.779785 0.000000 2859.715332 0.000000 0.291833 0.000000 -0.956469 0.800000 0.800000 0.800000
4592.387207 0.000000 2860.447998 0.000000 0.993001 0.000000 0.118107 0.787942 0.787942 0.787942
4490.709961 0.000000 2891.500488 0.000000 0.841534 0.000000 0.540204 0.741871 0.741871 0.741871
4522.484375 0.000000 2941.530273 0.000000 0.854517 0.000000 -0.519424 0.800000 0.800000 0.800000
4540.322754 0.000000 2938.183594 0.000000 0.002339 0.000000 -0.999997 0.800000 0.800000 0.800000
4526.380371 0.000000 2920.919434 0.000000 0.992990 0.000000 -0.118201 0.800000 0.800000 0.800000
4526.741211 0.000000 2918.475342 0.000000 0.039922 0.000000 -0.999203 0.800000 0.800000 0.800000
4526.779785 0.000000 2923.715332 0.000000 0.616898 0.000000 -0.787043 0.892285 0.892285 0.892285
4538.289062 0.000000 2937.031738 0.000000 0.986636 0.000000 0.162941 0.800000 0.800000 0.800000
4539.801270 0.000000 2936.174805 0.000000 0.172551 0.000000 -0.985001 0.800000 0.800000 0.800000
4539.194336 0.000000 2939.716309 0.000000 0.874545 0.000000 0.484945 0.800000 0.800000 0.800000
4548.732422 0.000000 2903.251465 0.000000 0.864339 0.000000 0.502909 0.746324 0.746324 0.746324
4548.383301 0.000000 2905.901123 0.000000 0.515655 0.000000 0.856797 0.800000 0.800000 0.800000
4546.507324 0.000000 2903.033691 0.000000 0.990893 0.000000 -0.134654 0.813758 0.813758 0.813758
4549.090820 0.000000 2902.026367 0.000000 0.986885 0.000000 -0.161425 0.816515 0.816515 0.816515
4588.040039 0.000000 2887.195557 0.000000 0.667813 0.000000 -0.744329 0.800000 0.800000 0.800000
4590.380371 0.000000 2888.919434 0.000000 0.836061 0.000000 0.548636 0.800000 0.800000 0.800000
4590.741211 0.000000 2886.475342 0.000000 0.873710 0.000000 -0.486447 0.800000 0.800000 0.800000
4588.569824 0.000000 2889.171875 0.000000 0.724756 0.000000 -0.689006 0.800000 0.800000 0.800000
4593.862793 0.000000 2912.124512 0.000000 0.699477 0.000000 -0.714655 0.800000 0.800000 0.800000
4594.305664 0.000000 2915.216553 0.000000 0.055971 0.000000 -0.998432 0.800000 0.800000 0.800000
4592.208496 0.000000 2914.510498 0.000000 0.526320 0.000000 0.850287 0.800000 0.800000 0.800000
4594.935547 0.000000 2913.515625 0.000000 0.315372 0.000000 -0.948968 0.927319 0.927319 0.927319
4595.628906 0.000000 2912.036377 0.000000 0.568026 0.000000 -0.823011 0.898466 0.898466 0.898466
4404.712891 0.000000 2952.359619 0.000000 0.151057 0.000000 -0.988525 0.800000 0.800000 0.800000
4402.268555 0.000000 2952.343262 0.000000 0.590170 0.000000 -0.807279 0.800000 0.800000 0.800000
4405.856934 0.000000 2954.490967 0.000000 0.747277 0.000000 0.664513 0.800000 0.800000 0.800000
4403.368652 0.000000 2954.471436 0.000000 0.668503 0.000000 -0.743710 0.885419 0.885419 0.885419
4384.145996 0.000000 2991.255615 0.000000 0.789781 0.000000 -0.613388 0.867262 0.867262 0.867262
4385.613281 0.000000 2990.169678 0.000000 0.687101 0.000000 -0.726562 0.882843 0.882843 0.882843
4363.455078 0.000000 3009.180420 0.000000 0.334069 0.000000 0.942549 0.800000 0.800000 0.800000
4363.884277 0.000000 3011.469238 0.000000 0.587826 0.000000 -0.808987 0.800000 0.800000 0.800000
4365.198242 0.000000 3010.037109 0.000000 0.299365 0.000000 0.954139 0.800000 0.800000 0.800000
4365.027344 0.000000 3008.088135 0.000000 0.597486 0.000000 -0.801880 0.800000 0.800000 0.800000
4377.393555 0.000000 3070.336914 0.000000 0.855350 0.000000 0.518051 0.800000 0.800000 0.800000
4362.436035 0.000000 3059.319336 0.000000 0.659963 0.000000 0.751298 0.800000 0.800000 0.800000
4364.763184 0.000000 3058.268066 0.000000 0.784331 0.000000 -0.620342 0.800000 0.800000 0.800000
4375.240234 0.000000 3070.813477 0.000000 0.461307 0.000000 0.887241 0.688838 0.688838 0.688838
4362.063965 0.000000 3057.313721 0.000000 0.929947 0.000000 0.367693 0.800000 0.800000 0.800000
4401.316406 0.000000 3046.062012 0.000000 0.658356 0.000000 0.752706 0.713199 0.713199 0.713199
4451.965820 0.000000 3050.703613 0.000000 0.131964 0.000000 -0.991255 0.946519 0.946519 0.946519
4449.533691 0.000000 3050.254150 0.000000 0.340177 0.000000 0.940361 0.800000 0.800000 0.800000
4451.013184 0.000000 3048.541992 0.000000 0.923555 0.000000 0.383467 0.800000 0.800000 0.800000
4503.587402 0.000000 2959.040771 0.000000 0.057451 0.000000 -0.998348 0.800000 0.800000 0.800000
4502.951660 0.000000 2956.861816 0.000000 0.985554 0.000000 0.169363 0.800000 0.800000 0.800000
4504.591309 0.000000 2957.569336 0.000000 0.528352 0.000000 0.849026 0.800000 0.800000 0.800000
4504.993652 0.000000 2959.777588 0.000000 0.843129 0.000000 -0.537712 0.857828 0.857828 0.857828
4505.803711 0.000000 2958.594971 0.000000 0.932576 0.000000 0.360973 0.762382 0.762382 0.762382
4482.131836 0.000000 2981.585938 0.000000 0.143650 0.000000 -0.989629 0.800000 0.800000 0.800000
4485.971191 0.000000 2981.001221 0.000000 0.273145 0.000000 0.961973 0.668180 0.668180 0.668180
4484.018555 0.000000 2981.672852 0.000000 0.835612 0.000000 0.549320 0.740764 0.740764 0.740764
4526.183594 0.000000 2979.834961 0.000000 0.966327 0.000000 -0.257317 0.826508 0.826508 0.826508
4526.777344 0.000000 2976.836426 0.000000 0.999552 0.000000 -0.029941 0.800000 0.800000 0.800000
4525.198242 0.000000 2978.037109 0.000000 0.994688 0.000000 0.102931 0.800000 0.800000 0.800000
4525.027344 0.000000 2976.088135 0.000000 0.417413 0.000000 0.908717 0.800000 0.800000 0.800000
4526.742676 0.000000 2978.489990 0.000000 0.414518 0.000000 -0.910041 0.916464 0.916464 0.916464
4565.193848 0.000000 2948.141602 0.000000 0.826028 0.000000 -0.563630 0.860991 0.860991 0.860991
4567.446777 0.000000 2949.364014 0.000000 0.241744 0.000000 0.970340 0.800000 0.800000 0.800000
4541.641113 0.000000 3015.481201 0.000000 0.044385 0.000000 0.999014 0.800000 0.800000 0.800000
4523.763672 0.000000 3030.359863 0.000000 0.983133 0.000000 0.182894 0.800000 0.800000 0.800000
4538.818848 0.000000 3015.365967 0.000000 0.375806 0.000000 -0.926698 0.920757 0.920757 0.920757
4522.354980 0.000000 3031.624756 0.000000 0.500828 0.000000 0.865547 0.800000 0.800000 0.800000
4522.180664 0.000000 3029.328369 0.000000 0.720215 0.000000 -0.693751 0.878094 0.878094 0.878094
4484.372559 0.000000 3043.959717 0.000000 0.377177 0.000000 -0.926141 0.920606 0.920606 0.920606
4482.271973 0.000000 3040.164307 0.000000 0.484628 0.000000 -0.874720 0.800000 0.800000 0.800000
4485.074219 0.000000 3040.958984 0.000000 0.564680 0.000000 0.825310 0.800000 0.800000 0.800000
4482.974121 0.000000 3042.174561 0.000000 0.996938 0.000000 -0.078202 0.800000 0.800000 0.800000
4485.298828 0.000000 3042.563232 0.000000 0.963454 0.000000 0.267875 0.772377 0.772377 0.772377
4514.681641 0.000000 3067.806152 0.000000 0.945564 0.000000 -0.325435 0.833763 0.833763 0.833763
4512.260254 0.000000 3067.645752 0.000000 0.645679 0.000000 -0.763609 0.800000 0.800000 0.800000
4514.583984 0.000000 3066.040039 0.000000 0.969238 0.000000 0.246127 0.774669 0.774669 0.774669
4563.564941 0.000000 3024.439941 0.000000 0.198966 0.000000 0.980006 0.800000 0.800000 0.800000
4549.692871 0.000000 3038.356201 0.000000 0.664196 0.000000 0.747559 0.800000 0.800000 0.800000
4561.824219 0.000000 3027.529785 0.000000 0.986674 0.000000 0.162709 0.800000 0.800000 0.800000
4546.786621 0.000000 3039.084473 0.000000 0.631068 0.000000 -0.775727 0.800000 0.800000 0.800000
4549.162109 0.000000 3036.119629 0.000000 0.893025 0.000000 0.450008 0.752455 0.752455 0.752455
4561.250000 0.000000 3024.291260 0.000000 0.349594 0.000000 0.936901 0.800000 0.800000 0.800000
4547.825195 0.000000 3037.484863 0.000000 0.359658 0.000000 -0.933084 0.800000 0.800000 0.800000
4562.331543 0.000000 3025.819336 0.000000 0.516915 0.000000 -0.856037 0.800000 0.800000 0.800000
4596.446777 0.000000 3020.532959 0.000000 0.981162 0.000000 0.193184 0.800000 0.800000 0.800000
4607.941895 0.000000 3033.357666 0.000000 0.810618 0.000000 -0.585576 0.800000 0.800000 0.800000
4597.856934 0.000000 3018.490967 0.000000 0.937627 0.000000 -0.347644 0.800000 0.800000 0.800000
4598.951660 0.000000 3020.861816 0.000000 0.925016 0.000000 0.379928 0.800000 0.800000 0.800000
4607.571289 0.000000 3031.279297 0.000000 0.242195 0.000000 -0.970228 0.800000 0.800000 0.800000
4606.079590 0.000000 3033.628662 0.000000 0.640556 0.000000 -0.767911 0.800000 0.800000 0.800000
4547.295410 0.000000 3054.797363 0.000000 0.788330 0.000000 -0.615253 0.867503 0.867503 0.867503
4570.629395 0.000000 3062.818604 0.000000 0.920080 0.000000 0.391731 0.800000 0.800000 0.800000
4544.145996 0.000000 3055.255615 0.000000 0.823117 0.000000 0.567872 0.800000 0.800000 0.800000
4571.967285 0.000000 3060.239014 0.000000 0.104356 0.000000 -0.994540 0.949351 0.949351 0.949351
4568.390137 0.000000 3063.846680 0.000000 0.927963 0.000000 -0.372671 0.800000 0.800000 0.800000
4569.443359 0.000000 3060.736084 0.000000 0.910024 0.000000 -0.414555 0.800000 0.800000 0.800000
4545.613281 0.000000 3054.169678 0.000000 0.432151 0.000000 0.901801 0.800000 0.800000 0.800000
4613.692871 0.000000 2814.356201 0.000000 0.965174 0.000000 -0.261609 0.800000 0.800000 0.800000
4615.825195 0.000000 2816.071533 0.000000 0.771101 0.000000 0.636713 0.729694 0.729694 0.729694
4612.732422 0.000000 2839.251465 0.000000 0.842488 0.000000 0.538715 0.800000 0.800000 0.800000
4613.074219 0.000000 2816.958984 0.000000 0.638651 0.000000 0.769497 0.800000 0.800000 0.800000
4612.383301 0.000000 2841.901123 0.000000 0.076564 0.000000 0.997065 0.647806 0.647806 0.647806
4613.823730 0.000000 2841.251465 0.000000 0.424102 0.000000 -0.905614 0.915389 0.915389 0.915389
4625.316406 0.000000 2918.062012 0.000000 0.466066 0.000000 -0.884750 0.910615 0.910615 0.910615
4622.741211 0.000000 2918.475342 0.000000 0.259579 0.000000 -0.965722 0.800000 0.800000 0.800000
4624.148926 0.000000 2916.500732 0.000000 0.265416 0.000000 -0.964134 0.800000 0.800000 0.800000
4640.968262 0.000000 2915.093750 0.000000 0.370973 0.000000 0.928643 0.800000 0.800000 0.800000
4642.131836 0.000000 2917.585938 0.000000 0.347224 0.000000 -0.937782 0.923880 0.923880 0.923880
4642.974121 0.000000 2914.174561 0.000000 0.915097 0.000000 -0.403234 0.800000 0.800000 0.800000
4640.228516 0.000000 2916.838135 0.000000 0.107961 0.000000 0.994155 0.800000 0.800000 0.800000
4691.298828 0.000000 2938.444824 0.000000 0.999867 0.000000 0.016325 0.800000 0.800000 0.800000
4693.246094 0.000000 2939.139160 0.000000 0.999920 0.000000 -0.012643 0.801288 0.801288 0.801288
4714.436035 0.000000 2931.319336 0.000000 0.746948 0.000000 0.664882 0.725914 0.725914 0.725914
4712.314941 0.000000 2931.625977 0.000000 0.215508 0.000000 -0.976502 0.800000 0.800000 0.800000
4621.590332 0.000000 2969.980957 0.000000 0.727847 0.000000 -0.685739 0.876967 0.876967 0.876967
4620.500000 0.000000 2968.073975 0.000000 0.811886 0.000000 0.583816 0.736499 0.736499 0.736499
4654.161133 0.000000 2964.472412 0.000000 0.329821 0.000000 -0.944044 0.800000 0.800000 0.800000
4657.316406 0.000000 2950.062012 0.000000 0.297851 0.000000 0.954612 0.670806 0.670806 0.670806
4654.481445 0.000000 2967.917725 0.000000 0.217083 0.000000 -0.976153 0.800000 0.800000 0.800000
4656.171387 0.000000 2965.984375 0.000000 0.755610 0.000000 -0.655022 0.800000 0.800000 0.800000
4654.741211 0.000000 2950.475342 0.000000 0.721860 0.000000 0.692040 0.800000 0.800000 0.800000
4656.920410 0.000000 2967.523193 0.000000 0.548113 0.000000 0.836405 0.699089 0.699089 0.699089
4671.490234 0.000000 2973.035156 0.000000 0.740656 0.000000 0.671885 0.724955 0.724955 0.724955
4666.958008 0.000000 2961.388916 0.000000 0.936350 0.000000 0.351068 0.763462 0.763462 0.763462
4620.227051 0.000000 2987.086914 0.000000 0.030529 0.000000 -0.999534 0.800000 0.800000 0.800000
4622.380371 0.000000 2984.919434 0.000000 0.780520 0.000000 -0.625130 0.800000 0.800000 0.800000
4622.779785 0.000000 2987.715332 0.000000 0.968801 0.000000 0.247838 0.774490 0.774490 0.774490
4610.507324 0.000000 2999.033691 0.000000 0.739417 0.000000 -0.673248 0.800000 0.800000 0.800000
4620.569824 0.000000 2985.171875 0.000000 0.216557 0.000000 -0.976270 0.800000 0.800000 0.800000
4611.736328 0.000000 2997.622070 0.000000 0.651128 0.000000 0.758968 0.712225 0.712225 0.712225
4623.382324 0.000000 2986.208252 0.000000 0.868132 0.000000 -0.496334 0.852903 0.852903 0.852903
4700.825195 0.000000 2961.151611 0.000000 0.869955 0.000000 0.493131 0.747473 0.747473 0.747473
4700.330078 0.000000 2959.234863 0.000000 0.971959 0.000000 0.235151 0.800000 0.800000 0.800000
4683.763672 0.000000 2998.359863 0.000000 0.987226 0.000000 0.159326 0.783702 0.783702 0.783702
4694.091309 0.000000 2982.866455 0.000000 0.932454 0.000000 -0.361288 0.837652 0.837652 0.837652
4682.354980 0.000000 2999.624756 0.000000 0.986802 0.000000 -0.161933 0.816567 0.816567 0.816567
4682.180664 0.000000 2997.328369 0.000000 0.442511 0.000000 0.896763 0.800000 0.800000 0.800000
4723.564941 0.000000 2992.439941 0.000000 0.214603 0.000000 0.976701 0.800000 0.800000 0.800000
4721.250000 0.000000 2992.291260 0.000000 0.459064 0.000000 -0.888403 0.800000 0.800000 0.800000
4722.331543 0.000000 2993.819336 0.000000 0.989313 0.000000 -0.145806 0.800000 0.800000 0.800000
4636.322754 0.000000 3034.183594 0.000000 0.996470 0.000000 0.083951 0.791439 0.791439 0.791439
4614.732910 0.000000 3025.989014 0.000000 0.419053 0.000000 -0.907962 0.800000 0.800000 0.800000
4609.328613 0.000000 3032.902100 0.000000 0.950029 0.000000 0.312161 0.800000 0.800000 0.800000
4636.170410 0.000000 3037.081787 0.000000 0.038044 0.000000 0.999276 0.800000 0.800000 0.800000
4613.908203 0.000000 3023.527588 0.000000 0.846333 0.000000 -0.532654 0.800000 0.800000 0.800000
4612.005371 0.000000 3025.225830 0.000000 0.809477 0.000000 -0.587151 0.800000 0.800000 0.800000
4608.017578 0.000000 3031.221924 0.000000 0.761801 0.000000 0.647812 0.800000 0.800000 0.800000
4650.484375 0.000000 3037.530273 0.000000 0.723644 0.000000 -0.690174 0.800000 0.800000 0.800000
4653.751465 0.000000 3039.674561 0.000000 0.766207 0.000000 0.642593 0.800000 0.800000 0.800000
4652.860352 0.000000 3036.324463 0.000000 0.100827 0.000000 -0.994904 0.949712 0.949712 0.949712
4651.808594 0.000000 3039.151123 0.000000 0.920391 0.000000 -0.391000 0.800000 0.800000 0.800000
4680.025879 0.000000 3016.900635 0.000000 0.609623 0.000000 -0.792692 0.800000 0.800000 0.800000
4676.732422 0.000000 3031.251465 0.000000 0.138529 0.000000 0.990358 0.654156 0.654156 0.654156
4676.383301 0.000000 3033.901123 0.000000 0.953002 0.000000 -0.302964 0.800000 0.800000 0.800000
4681.648926 0.000000 3015.006104 0.000000 0.518696 0.000000 -0.854959 0.800000 0.800000 0.800000
4674.507324 0.000000 3031.033691 0.000000 0.423314 0.000000 -0.905983 0.800000 0.800000 0.800000
4678.312500 0.000000 3030.513916 0.000000 0.962903 0.000000 0.269848 0.772169 0.772169 0.772169
4705.533691 0.000000 3018.254150 0.000000 0.718293 0.000000 -0.695741 0.878376 0.878376 0.878376
4711.825195 0.000000 3040.071533 0.000000 0.867411 0.000000 0.497592 0.746950 0.746950 0.746950
4733.500488 0.000000 3053.729248 0.000000 0.874576 0.000000 -0.484889 0.800000 0.800000 0.800000
4708.732422 0.000000 3063.251465 0.000000 0.976758 0.000000 0.214343 0.800000 0.800000 0.800000
4735.067383 0.000000 3050.168945 0.000000 0.856115 0.000000 -0.516785 0.800000 0.800000 0.800000
4710.552246 0.000000 3060.785889 0.000000 0.948523 0.000000 0.316707 0.800000 0.800000 0.800000
4733.270996 0.000000 3051.597168 0.000000 0.663877 0.000000 0.747841 0.800000 0.800000 0.800000
4735.147461 0.000000 3052.397461 0.000000 0.794909 0.000000 0.606728 0.800000 0.800000 0.800000
4732.027832 0.000000 3052.902100 0.000000 0.862358 0.000000 -0.506299 0.800000 0.800000 0.800000
4710.312500 0.000000 3062.513916 0.000000 0.959629 0.000000 0.281267 0.770958 0.770958 0.770958
4710.669434 0.000000 3041.283203 0.000000 0.498426 0.000000 0.866932 0.693148 0.693148 0.693148
4375.250000 0.000000 3072.257568 0.000000 0.656090 0.000000 -0.754682 0.800000 0.800000 0.800000
4377.358887 0.000000 3072.275391 0.000000 0.993251 0.000000 -0.115989 0.800000 0.800000 0.800000
4430.481445 0.000000 3095.917725 0.000000 0.102940 0.000000 -0.994688 0.800000 0.800000 0.800000
4456.025879 0.000000 3080.900635 0.000000 0.993750 0.000000 0.111629 0.800000 0.800000 0.800000
4454.423340 0.000000 3082.887939 0.000000 0.999712 0.000000 -0.024009 0.800000 0.800000 0.800000
4456.916016 0.000000 3083.197754 0.000000 0.994370 0.000000 0.105962 0.789186 0.789186 0.789186
4437.246094 0.000000 3131.139160 0.000000 0.016156 0.000000 -0.999869 0.958354 0.958354 0.958354
4439.747559 0.000000 3131.598389 0.000000 0.937543 0.000000 -0.347870 0.800000 0.800000 0.800000
4472.140625 0.000000 3114.975586 0.000000 0.916583 0.000000 0.399846 0.800000 0.800000 0.800000
4451.965820 0.000000 3114.703613 0.000000 0.693300 0.000000 -0.720649 0.800000 0.800000 0.800000
4448.124512 0.000000 3116.257812 0.000000 0.275194 0.000000 -0.961389 0.800000 0.800000 0.800000
4449.533691 0.000000 3114.254150 0.000000 0.643934 0.000000 -0.765081 0.800000 0.800000 0.800000
4450.435059 0.000000 3116.538330 0.000000 0.301501 0.000000 0.953466 0.800000 0.800000 0.800000
4387.965820 0.000000 3146.703613 0.000000 0.949856 0.000000 0.312689 0.767606 0.767606 0.767606
4386.435059 0.000000 3148.538330 0.000000 0.791188 0.000000 -0.611573 0.800000 0.800000 0.800000
4473.650391 0.000000 3145.261475 0.000000 0.955382 0.000000 0.295373 0.769458 0.769458 0.769458
4471.183105 0.000000 3145.252197 0.000000 0.875913 0.000000 0.482469 0.800000 0.800000 0.800000
4498.305664 0.000000 3075.216553 0.000000 0.738421 0.000000 -0.674340 0.875383 0.875383 0.875383
4496.208496 0.000000 3074.510498 0.000000 0.381132 0.000000 -0.924521 0.800000 0.800000 0.800000
4496.148926 0.000000 3076.500732 0.000000 0.933466 0.000000 0.358665 0.800000 0.800000 0.800000
4499.927246 0.000000 3074.850342 0.000000 0.999982 0.000000 0.006040 0.799385 0.799385 0.799385
4517.692871 0.000000 3102.356201 0.000000 0.959691 0.000000 -0.281057 0.800000 0.800000 0.800000
4542.753906 0.000000 3087.493408 0.000000 0.414769 0.000000 0.909927 0.800000 0.800000 0.800000
4543.147461 0.000000 3084.397461 0.000000 0.934316 0.000000 -0.356445 0.800000 0.800000 0.800000
4497.316406 0.000000 3110.062012 0.000000 0.259301 0.000000 0.965796 0.800000 0.800000 0.800000
4494.380371 0.000000 3112.919434 0.000000 0.970297 0.000000 -0.241916 0.800000 0.800000 0.800000
4494.741211 0.000000 3110.475342 0.000000 0.928390 0.000000 0.371607 0.800000 0.800000 0.800000
4496.203125 0.000000 3112.010742 0.000000 0.142033 0.000000 0.989862 0.800000 0.800000 0.800000
4519.825195 0.000000 3104.071533 0.000000 0.901450 0.000000 0.432884 0.800000 0.800000 0.800000
4535.250000 0.000000 3104.257568 0.000000 0.172134 0.000000 -0.985074 0.800000 0.800000 0.800000
4517.074219 0.000000 3104.958984 0.000000 0.639391 0.000000 -0.768882 0.800000 0.800000 0.800000
4532.616699 0.000000 3105.325928 0.000000 0.997644 0.000000 0.068598 0.793007 0.793007 0.793007
4535.683594 0.000000 3107.008057 0.000000 0.934681 0.000000 -0.355487 0.800000 0.800000 0.800000
4528.171387 0.000000 3125.984375 0.000000 0.996776 0.000000 -0.080231 0.800000 0.800000 0.800000
4533.975586 0.000000 3106.484863 0.000000 0.397078 0.000000 -0.917785 0.800000 0.800000 0.800000
4573.500488 0.000000 3085.729248 0.000000 0.911346 0.000000 -0.411640 0.843214 0.843214 0.843214
4544.124512 0.000000 3084.257812 0.000000 0.597538 0.000000 0.801841 0.800000 0.800000 0.800000
4571.583008 0.000000 3082.386719 0.000000 0.713946 0.000000 -0.700201 0.879010 0.879010 0.879010
4570.389648 0.000000 3085.317383 0.000000 0.395741 0.000000 0.918362 0.800000 0.800000 0.800000
4544.145996 0.000000 3087.255615 0.000000 0.426053 0.000000 0.904698 0.684831 0.684831 0.684831
4573.270996 0.000000 3083.597168 0.000000 0.989076 0.000000 -0.147409 0.800000 0.800000 0.800000
4570.030273 0.000000 3083.390869 0.000000 0.256035 0.000000 0.966667 0.666373 0.666373 0.666373
4545.613281 0.000000 3086.169678 0.000000 0.120961 0.000000 -0.992657 0.947649 0.947649 0.947649
4572.027832 0.000000 3084.902100 0.000000 0.947947 0.000000 -0.318428 0.833010 0.833010 0.833010
4561.316406 0.000000 3142.062012 0.000000 0.745222 0.000000 -0.666816 0.800000 0.800000 0.800000
4562.268555 0.000000 3144.343262 0.000000 0.803686 0.000000 -0.595054 0.800000 0.800000 0.800000
4563.753906 0.000000 3142.128662 0.000000 0.932668 0.000000 -0.360736 0.800000 0.800000 0.800000
4560.203125 0.000000 3144.010742 0.000000 0.568974 0.000000 0.822355 0.800000 0.800000 0.800000
4593.316406 0.000000 3142.062012 0.000000 0.808202 0.000000 -0.588906 0.800000 0.800000 0.800000
4594.268555 0.000000 3144.343262 0.000000 0.854495 0.000000 -0.519459 0.855637 0.855637 0.855637
4595.753906 0.000000 3142.128662 0.000000 0.998686 0.000000 0.051241 0.800000 0.800000 0.800000
4592.203125 0.000000 3144.010742 0.000000 0.940569 0.000000 -0.339604 0.800000 0.800000 0.800000
"}
