object={
	name="western_windmill"
	clamp_to_water_level=no
	render_under_water=yes
	generated_content=no
	layer="monument_layer"
	entity="imp19_western_windmill_entity"
	count=15
	transform="4088.124023 0.000000 3021.254150 0.000000 0.000000 0.000000 1.000000 1.000000 1.000000 1.000000
4186.003906 0.000000 3282.409180 0.000000 -0.999883 0.000000 0.015315 1.000000 1.000000 1.000000
4183.753906 0.000000 3278.690674 0.000000 -0.999883 0.000000 0.015315 1.000000 1.000000 1.000000
4181.337891 0.000000 3274.804443 0.000000 -0.999883 0.000000 0.015315 1.000000 1.000000 1.000000
4092.522461 0.000000 3023.572754 0.000000 0.644530 0.000000 0.764579 1.000000 1.000000 1.000000
4099.925293 0.000000 3017.915771 0.000000 -0.365080 0.000000 0.930976 1.000000 1.000000 1.000000
4079.621338 0.000000 3036.856934 0.000000 0.955988 0.000000 0.293404 1.000000 1.000000 1.000000
4115.436035 0.000000 3014.508057 0.000000 0.313704 0.000000 0.949521 1.000000 1.000000 1.000000
4113.252441 0.000000 2997.011719 0.000000 -0.429858 0.000000 0.902896 1.000000 1.000000 1.000000
4133.789551 0.000000 2999.734131 0.000000 0.000000 0.000000 1.000000 1.000000 1.000000 1.000000
4155.853027 0.000000 2992.803467 0.000000 0.740820 0.000000 0.671704 1.000000 1.000000 1.000000
4200.758789 0.000000 3000.713379 0.000000 0.819554 0.000000 0.573002 1.000000 1.000000 1.000000
4183.955566 0.000000 3011.363525 0.000000 0.484880 0.000000 0.874581 1.000000 1.000000 1.000000
4235.070312 0.000000 3314.775879 0.000000 0.249059 0.000000 0.968488 1.000000 1.000000 1.000000
4241.067871 0.000000 3301.464111 0.000000 -0.812605 0.000000 0.582814 1.000000 1.000000 1.000000
"}
